Techniques=MC_TonemapHDR,BloomingHDR,GloomAO,FSMAA,Colourfulness,Adjustments
TechniquesSorting=MC_TonemapHDR,BloomingHDR,GloomAO,FSMAA,Colourfulness,Adjustments

;[qUINT_mxao_il.fx]
;MXAO_GLOBAL_SAMPLE_QUALITY_PRESET=2.000000
;MXAO_SAMPLE_RADIUS=111.000000
;MXAO_SAMPLE_NORMAL_BIAS=0.000000
;MXAO_GLOBAL_RENDER_SCALE=1.000000
;MXAO_SSAO_AMOUNT=1.000000
;MXAO_SSIL_AMOUNT=2.760000
;MXAO_SSIL_SATURATION=1.120000
;MXAO_BLEND_TYPE=3.000000
;MXAO_FADE_DEPTH_START=0.000000
;MXAO_FADE_DEPTH_END=1.000000
;MXAO_DEBUG_VIEW_ENABLE=0.000000

;[AtmosphericDensity.fx]
;DISTANCE=71.000000
;HIGHLIGHT_DIST=78.000000
;FOG_TINT=0.400000,0.450000,0.500000
;AUTO_COLOR=1.000000
;WIDTH=80.000000
;FOG_SAT=46.000000
;BLUR_WIDTH=96.000000
;BLEND=7.000000

[MC_TonemapHDR.fx]
Contrast=1.450000
Compression=0.640000
BlackLevel=0.000000
DeGamma=0.000000
Exposure=0.940000
Saturation=1.000000
SaturationLuma=0.500000
LumaCoefs=2.000000

[Adjustments.fx]
g_sldExposure=0.340000
g_sldContrast=-0.090000
g_sldHighlightsIntensity=0.020000
g_sldShadowsIntensity=0.040000
g_sldGamma=0.000000

[BloomingHDR.fx]
Auto_Bloom=0.000000
CBT_Adjust=0.500000
Bloom_Intensity=0.020000,0.210000
BloomSensitivity=1.000000
BloomCurve=1.766000
Saturation=0.250000,0.250000
Bloom_Spread=1.000000
Dither_Bloom=0.130000
Tonemappers=0.000000
WP=1.000000
Exp=-0.160000
GreyValue=0.150000
Gamma=2.080000
Contrast=1.000000
Saturate=1.000000
Inv_Tonemappers=2.000000
HDR_BP=0.280000
Bloom_BA_iToneMapper=0.000000
Auto_Exposure=1.000000
Adapt_Adjust=0.380000
Adapt_Seek=0.500000
Debug_View=0.000000

[GloomAO.fx]
GloomAO=0.000000
SSDO_MipSampling=4.000000
SSDO_Levels=32.000000
SSDO_SampleRadius=2500.000000
NCD=0.125000,0.000000
SSDO_Trimming=0.100000
SSDO_Fade=1.000000
SSDO_X2=0.000000
SSDO_Power=1.500000
SSDO_ColorPower=1.500000
SSDO_Saturation=1.000000
SSDO_Intensity_Masking=0.000000
Depth_Map=0.000000
Depth_Map_Adjust=7.500000
Offset=0.000000
SSDO_Max_Depth=0.999000
Depth_Map_Flip=0.000000
Debug=0.000000
SamplesXY=3.000000
Persistence=0.125000
Dither_SSDO=1.000000

[FSMAA.fx]
EdgeDetectionType=1.000000
EdgeDetectionThreshold=0.100000
MaxSearchSteps=32.000000
CornerRounding=25.000000
DebugOutput=0.000000

[Colourfulness.fx]
colourfulness=0.020000
lim_luma=0.316000
enable_dither=0.000000
col_noise=0.000000
backbuffer_bits=8.000000

